1 0 0.00632037
0.998027 0.0627905 0.00632449
0.992115 0.125333 0.0063232
0.982287 0.187381 0.00632779
0.968583 0.24869 0.00634659
0.951057 0.309017 0.00633875
0.929776 0.368125 0.00633129
0.904827 0.425779 0.00633294
0.876307 0.481754 0.00633669
0.844328 0.535827 0.00634676
0.809017 0.587785 0.00631913
0.770513 0.637424 0.00633751
0.728969 0.684547 0.00633169
0.684547 0.728969 0.0063233
0.637424 0.770513 0.00634018
0.587785 0.809017 0.00629629
0.535827 0.844328 0.00633846
0.481753 0.876307 0.00632987
0.425779 0.904827 0.00633695
0.368124 0.929777 0.00632674
0.309017 0.951057 0.00631778
0.24869 0.968583 0.0063419
0.187381 0.982287 0.00631156
0.125333 0.992115 0.0063455
0.0627901 0.998027 0.0063311
-4.01339e-07 1 0.00633082
-0.0627909 0.998027 0.00635139
-0.125334 0.992115 0.00631669
-0.187382 0.982287 0.00634547
-0.24869 0.968583 0.00632994
-0.309018 0.951056 0.00631675
-0.368125 0.929776 0.00634548
-0.42578 0.904827 0.00635348
-0.481754 0.876306 0.00632824
-0.535827 0.844328 0.00635112
-0.587786 0.809017 0.00632795
-0.637425 0.770513 0.00633021
-0.684548 0.728968 0.0063329
-0.728969 0.684547 0.006344
-0.770514 0.637423 0.00634439
-0.809017 0.587785 0.00634043
-0.844328 0.535826 0.00633462
-0.876307 0.481753 0.00633851
-0.904827 0.425779 0.00632362
-0.929777 0.368124 0.00633407
-0.951057 0.309016 0.00634174
-0.968583 0.248689 0.00632321
-0.982287 0.18738 0.00633381
-0.992115 0.125332 0.00632458
-0.998027 0.0627895 0.00634059
-1 -1.0411e-06 0.00634922
-0.998027 -0.0627916 0.00633714
-0.992115 -0.125334 0.00632011
-0.982287 -0.187382 0.00634804
-0.968583 -0.248691 0.00633314
-0.951056 -0.309018 0.0063361
-0.929776 -0.368126 0.00632747
-0.904827 -0.42578 0.00632661
-0.876306 -0.481755 0.00634235
-0.844327 -0.535828 0.00634005
-0.809016 -0.587786 0.00632618
-0.770512 -0.637425 0.00633354
-0.728968 -0.684548 0.00634197
-0.684546 -0.72897 0.00631788
-0.637423 -0.770514 0.00629709
-0.587784 -0.809018 0.00634313
-0.535826 -0.844329 0.00634914
-0.481753 -0.876307 0.00632276
-0.425778 -0.904828 0.00634243
-0.368123 -0.929777 0.00634161
-0.309016 -0.951057 0.0063235
-0.248689 -0.968583 0.00632263
-0.18738 -0.982288 0.00633427
-0.125332 -0.992115 0.00635307
-0.0627891 -0.998027 0.00632362
1.44244e-06 -1 0.00634238
0.062792 -0.998027 0.00635216
0.125335 -0.992115 0.00632687
0.187383 -0.982287 0.00635159
0.248691 -0.968583 0.00631927
0.309018 -0.951056 0.00635166
0.368126 -0.929776 0.00634094
0.425781 -0.904826 0.00632702
0.481755 -0.876306 0.00633461
0.535828 -0.844327 0.00632242
0.587787 -0.809016 0.00632834
0.637425 -0.770512 0.00634524
0.684548 -0.728967 0.00634373
0.72897 -0.684546 0.00633823
0.770514 -0.637423 0.00634504
0.809018 -0.587784 0.00633781
0.844329 -0.535825 0.00632977
0.876308 -0.481752 0.00632488
0.904828 -0.425778 0.00633568
0.929777 -0.368123 0.00633302
0.951057 -0.309015 0.00632961
0.968584 -0.248688 0.00635109
0.982288 -0.187379 0.00632845
0.992115 -0.125331 0.00631888
0.998027 -0.0627885 0.00634509
-0.975605 0.00596181 0.00636543
-0.90964 -0.258093 0.00644778
-0.622568 -0.671586 0.00656814
-0.916487 0.275444 0.0064114
-0.721164 -0.638273 0.00639066
-0.687519 -0.668271 0.00640004
-0.428725 -0.854765 0.00641378
-0.621299 0.164438 0.0124123
-0.566806 -0.775965 0.00640272
-0.725765 0.464905 0.00706027
-0.746086 0.584771 0.00643741
-0.804659 0.479377 0.0064697
-0.12139 -0.952697 0.00640101
-0.679309 0.665772 0.00642351
-0.450094 -0.484709 0.0115962
-0.519697 0.824742 0.00637009
-0.576589 0.746115 0.00645588
0.324251 0.468585 0.016009
0.00113445 -0.818633 0.00765252
-0.168923 0.754415 0.00847326
-0.246932 0.901445 0.00648813
0.2249 -0.892002 0.00656404
-0.11855 0.912598 0.0065628
0.354989 -0.879267 0.00643652
0.299167 -0.913259 0.00639748
-0.184712 0.93524 0.0064122
-0.057863 0.898547 0.00671562
0.34395 -0.821745 0.00679291
0.290096 -0.855069 0.00669474
-0.735831 -0.386209 0.00746571
-0.406122 0.797053 0.00675795
0.591909 -0.742507 0.00643247
-0.408363 0.864051 0.00640978
0.035559 0.935309 0.00648734
0.771777 -0.0150314 0.00849004
-0.25192 0.0476713 0.0612338
0.604173 0.581104 0.00734406
0.797233 -0.384844 0.00682248
0.853351 -0.423472 0.00641659
0.284257 0.809572 0.00708809
-0.58963 0.47339 0.00884662
-0.0396534 0.972995 0.00637718
0.565374 -0.643838 0.00713413
-0.0581865 -0.923885 0.00653513
0.0914579 -0.451083 0.0246396
-0.53721 -0.666535 0.00712237
0.714423 -0.628136 0.00642776
-0.362798 0.682113 0.00847888
0.380936 0.877296 0.00640693
0.00896578 -0.912425 0.00662672
0.168495 0.907251 0.00655233
-0.18035 -0.914856 0.00648939
0.426766 0.846738 0.00643415
0.317287 0.877603 0.00648443
0.519846 0.740826 0.00665468
-0.681036 0.515588 0.00716672
0.88944 -0.31695 0.00645214
-0.790096 0.542874 0.00640551
0.488996 0.808836 0.00644143
-0.524471 -0.812889 0.00638078
0.749318 0.588077 0.00642253
-0.349706 0.89027 0.00642072
0.923571 -0.107852 0.00651605
-0.337532 -0.894924 0.0064104
-0.471696 -0.674947 0.00757879
0.953545 -0.0613867 0.0064063
0.884241 -0.0608483 0.00681759
0.948712 0.0370283 0.00643806
0.753463 0.337395 0.00753483
0.867295 0.00335078 0.00701075
-0.777722 0.314213 0.00735946
0.87281 0.172036 0.00678868
-0.828075 -0.490301 0.00639542
0.932212 0.251291 0.00638127
0.86549 0.371762 0.00645472
-0.859513 -0.0777547 0.00704973
0.305838 -0.649633 0.00980015
0.870674 0.250635 0.00666215
-0.801916 0.192771 0.00755243
-0.953475 -0.0786822 0.00641411
-0.0122743 -0.958218 0.00640892
-0.0263523 -0.868275 0.00699573
0.364 0.81973 0.00672964
-0.4649 0.74687 0.00687554
-0.929987 -0.184597 0.00643018
-0.335933 0.732131 0.00786741
0.664779 -0.671977 0.00644682
-0.943842 -0.0255194 0.00645554
0.764854 -0.532681 0.00649776
-0.884312 0.101463 0.0067973
-0.514996 -0.759725 0.00659345
-0.56457 -0.726933 0.00656636
-0.853926 -0.372522 0.00649135
0.428643 -0.50067 0.0117502
0.18434 -0.787108 0.00780625
-0.675153 -0.552332 0.00696161
-0.78912 -0.526896 0.00642848
0.4932 -0.684081 0.00728162
0.437682 -0.346951 0.0167021
-0.0226588 0.940992 0.00647142
-0.678223 -0.616667 0.0066021
-0.624111 -0.588206 0.00712051
-0.504168 0.641027 0.00769341
-0.493697 0.234864 0.0175083
-0.864064 0.36942 0.00646599
-0.833016 0.316273 0.00678569
0.241332 0.904509 0.0064729
-0.855019 0.451364 0.0063896
0.819725 -0.446572 0.00649561
0.146208 0.0540957 0.0999406
0.664389 0.664939 0.00646751
0.710927 0.622697 0.00644475
-0.586645 0.0345725 0.0150321
-0.263177 0.483862 0.0172224
-0.0507708 0.569803 0.0158868
0.846371 -0.274586 0.00679054
-0.741486 0.524775 0.00665426
0.220794 -0.262195 0.0408288
-0.722951 0.636426 0.00639621
0.112448 -0.925794 0.00650288
-0.353985 0.837103 0.00665667
0.530147 -0.764285 0.00649635
-0.522552 0.778718 0.00647961
-0.304538 0.871493 0.00655663
-0.839074 -0.441192 0.00643558
-0.589395 -0.277358 0.0120333
-0.467355 0.814574 0.0064719
-0.686444 0.607615 0.00660287
0.284674 -0.796645 0.00726438
0.393159 -0.8472 0.00649895
0.175804 -0.941963 0.00640717
0.271398 -0.736468 0.00822995
-0.331406 -0.83308 0.00673643
0.127693 0.753766 0.00863725
-0.0375386 0.796978 0.00798463
-0.179915 0.856116 0.00692326
0.102862 -0.863899 0.00698111
-0.0713883 0.95288 0.00641587
-0.491662 -0.074934 0.0211527
-0.620457 0.62983 0.00684334
0.0268968 0.707515 0.0101052
0.911272 -0.238553 0.00645372
0.109454 0.938927 0.00644002
-0.121611 -0.596277 0.0139182
0.662858 -0.609897 0.00670805
0.425007 0.279356 0.0202524
0.487219 0.597532 0.00851559
-0.707081 0.397083 0.00776358
0.636769 -0.720652 0.00640028
-0.276498 -0.348626 0.0262435
-0.560063 -0.44251 0.00992163
-0.456039 0.536671 0.0101892
0.271593 0.859295 0.00670552
0.380296 0.629869 0.00932605
0.38666 0.758568 0.00718893
-0.587488 0.570535 0.00763769
0.868782 -0.375639 0.00643651
-0.461432 -0.733823 0.00701061
0.702859 0.490848 0.00711298
0.802335 -0.234775 0.00740094
0.599704 0.709986 0.00650689
0.813805 0.49676 0.00641461
-0.381229 -0.872685 0.00641974
0.828734 -0.0837083 0.00743288
0.93703 0.157105 0.00642163
0.755014 0.531629 0.00654411
0.846324 0.436287 0.00642498
0.822075 -0.0330838 0.0075773
-0.928637 0.193766 0.00643557
0.792967 0.16733 0.00776201
-0.790811 -0.406574 0.00680221
0.900237 0.309947 0.00642193
0.849116 0.312511 0.00668159
0.0704919 -0.696379 0.0103347
-0.934311 0.0547197 0.00647633
-0.0035643 0.891454 0.00678491
-0.313071 -0.701196 0.00857947
-0.251444 -0.901894 0.00648054
0.609474 0.636895 0.00686556
0.875437 -0.187484 0.00675184
0.42386 0.796542 0.00669996
-0.347982 0.780636 0.00716169
-0.170808 -0.797753 0.00767544
-0.484264 -0.602396 0.0084377
0.925895 -0.00762957 0.00653272
0.542235 0.47558 0.00969079
0.844944 0.117379 0.00716811
-0.597827 0.272906 0.0118339
0.919068 0.0962212 0.00652608
-0.738295 -0.57948 0.00646353
0.919227 0.203412 0.00645887
-0.774974 -0.273807 0.00760263
-0.74213 0.065826 0.00909126
0.465595 -0.751123 0.00685825
0.561639 -0.585933 0.00776596
-0.741365 0.212294 0.00850007
-0.798376 0.258593 0.0073344
-0.913084 -0.0604886 0.00661226
-0.62574 0.703149 0.00645731
-0.920466 -0.112652 0.00652486
-0.322035 0.633543 0.0100155
0.753979 -0.592351 0.00640799
-0.458815 -0.802308 0.00653767
0.656508 -0.32198 0.00942406
0.231381 -0.690216 0.0095238
-0.0797509 -0.872071 0.00693027
0.557997 -0.70401 0.00673349
0.377395 -0.374538 0.0185655
-0.525246 0.728858 0.00673558
-0.631813 0.377941 0.00930647
0.188016 0.846156 0.00699971
0.153113 0.378 0.0306376
-0.932123 0.137887 0.0064582
0.655182 0.602597 0.00678893
-0.828013 -0.180388 0.00724926
-0.451192 0.601226 0.00893829
-0.116765 0.32116 0.0410603
0.293602 -0.424497 0.0197078
0.0504706 -0.955696 0.00640743
-0.432373 -0.241645 0.0213483
0.47613 -0.810672 0.00646417
0.171181 -0.843289 0.00708745
-0.204145 -0.700984 0.00946549
0.242131 0.84552 0.00689143
-0.0952866 0.840632 0.00725501
-0.0960626 0.779281 0.00822767
0.122393 -0.800346 0.00778119
-0.378572 -0.342327 0.0201033
-0.496602 0.694627 0.00717388
0.0370838 0.753446 0.00888636
-0.404737 -0.584025 0.0100021
0.622164 -0.6409 0.00677638
0.290146 0.355687 0.0246882
0.450929 0.42204 0.0134845
-0.769333 0.417324 0.00693126
-0.370078 -0.087845 0.0344796
-0.459493 -0.410971 0.0135889
-0.51691 0.570462 0.00852778
0.287912 0.735777 0.00811338
-0.504718 0.506459 0.00988844
-0.395073 -0.817869 0.00665944
0.538664 0.559158 0.00838295
0.618494 -0.21658 0.0119077
0.718545 -0.111654 0.00954041
0.773576 -0.0664058 0.00838659
0.640639 0.26388 0.0105601
0.801339 0.285101 0.00719996
0.0412678 -0.607053 0.0139681
-0.406163 -0.695292 0.00785377
0.44781 0.750136 0.00694053
-0.391612 0.736 0.0074256
-0.086995 -0.704134 0.0100412
-0.427551 -0.639486 0.00855163
0.540606 0.351125 0.0123035
0.904217 0.0380116 0.00667942
-0.682438 0.335056 0.0087583
-0.77877 -0.177851 0.0079796
-0.806505 0.144194 0.0076372
0.71771 -0.492647 0.00698428
-0.756568 0.156593 0.00847706
-0.863333 0.270077 0.00667647
-0.0653756 -0.819117 0.00759233
0.333211 0.76617 0.00739585
-0.838344 -0.316267 0.00675436
-0.210437 0.777738 0.00784601
-0.794638 0.0442977 0.00801551
0.655704 -0.549506 0.00714043
-0.889379 -0.0125448 0.00679967
-0.845959 0.223402 0.00693932
-0.50918 -0.711594 0.00693804
-0.781713 -0.333546 0.00719285
0.344246 -0.53406 0.0127089
0.410515 -0.608942 0.00937386
0.06221 -0.904867 0.00666707
-0.561809 -0.605287 0.00752133
-0.786825 -0.465604 0.00661729
-0.655601 -0.490606 0.00763471
0.371897 -0.726404 0.00768699
0.561468 -0.478034 0.00927567
0.727764 0.141917 0.00917199
-0.0362887 0.85361 0.00716839
-0.577749 -0.547428 0.00801252
-0.408981 0.40315 0.015752
-0.560456 0.151246 0.0154024
-0.275453 0.204168 0.0408748
-0.892738 0.318149 0.00643592
-0.754219 0.380849 0.00729057
-0.832072 0.417895 0.00651275
0.730463 -0.402247 0.00743073
0.813483 -0.491496 0.00642798
-0.0768782 -0.162237 0.0892373
0.345432 -0.122161 0.0367971
-0.496149 0.119291 0.0200795
-0.706569 0.170104 0.00958012
0.0446618 0.248583 0.0622965
-0.24361 0.728016 0.00859055
0.333066 0.594285 0.010965
-0.150443 0.674679 0.0106181
0.8372 -0.329677 0.00671836
0.4336 -0.230539 0.0217266
-0.0621177 -0.0284874 0.139347
-0.700902 0.559191 0.00675049
-0.309346 0.81728 0.00695534
0.405494 -0.784374 0.00684905
-0.284911 0.765998 0.00766815
-0.697652 -0.016692 0.0104114
-0.745651 -0.437135 0.00705377
-0.6189 0.515239 0.00787415
0.332903 -0.76081 0.00746967
0.132577 -0.619688 0.0127987
0.236144 -0.775579 0.00778139
-0.362014 -0.78453 0.00705663
0.0727708 0.895986 0.00672774
0.0813115 0.628731 0.012777
-0.0659068 0.736551 0.00923021
0.0732437 0.798926 0.00789845
0.0347701 -0.863154 0.00705786
0.157163 -0.893336 0.00666762
-0.355383 0.121326 0.0352684
-0.584145 -0.027215 0.0151529
0.188349 0.484819 0.0192976
0.925612 -0.162867 0.00646599
0.00358193 -0.682642 0.0108957
0.0821521 -0.277065 0.0525436
0.304538 0.0577422 0.0474908
0.610757 0.441545 0.00889531
0.570176 0.61006 0.00740243
-0.659242 0.28583 0.0097978
-0.649005 0.452258 0.00811023
0.606981 -0.687574 0.00659762
-0.370563 -0.486464 0.0137981
0.0270584 -0.444041 0.0261789
-0.643914 -0.377167 0.00907162
-0.547249 0.404105 0.0109922
-0.344686 0.563287 0.0116816
0.395223 0.570845 0.0104938
0.463054 0.686062 0.00748624
0.440271 0.623673 0.00864661
-0.557118 0.617657 0.00745233
-0.649013 0.566064 0.0070881
0.81781 0.400443 0.00663607
0.69671 0.559472 0.00676101
0.782872 -0.299769 0.00735883
0.528328 0.675459 0.00711012
0.767403 0.402688 0.00701562
0.824095 -0.181227 0.00728881
0.760678 0.466139 0.006775
-0.865704 0.165837 0.0068604
0.807575 0.0234353 0.00781249
0.820741 0.222126 0.00721347
0.0606465 -0.814664 0.00767574
0.206856 -0.736273 0.0086558
0.0160204 0.7861 0.00821562
-0.266097 -0.841743 0.00686193
-0.252147 -0.481867 0.0177226
-0.205519 -0.850591 0.00692787
0.864404 -0.130008 0.00693014
0.85236 -0.222948 0.00687849
-0.246809 -0.746626 0.00819523
-0.115233 -0.902704 0.00664872
-0.529149 -0.501394 0.00947998
0.606986 0.516463 0.00799447
0.440825 0.478537 0.0120623
-0.591776 0.209885 0.0130272
-0.548823 0.305128 0.0130481
0.854207 0.0619394 0.00712357
-0.853593 -0.269243 0.00675413
-0.720277 -0.336647 0.00803435
-0.77872 -0.00967164 0.00835745
-0.628755 0.0937077 0.0126556
0.432649 -0.658816 0.00817003
0.461124 -0.560942 0.00957758
-0.663633 0.218839 0.0103452
-0.828982 -0.0125387 0.00749372
-0.387602 0.619698 0.00944097
0.727757 -0.34526 0.00784254
0.276719 -0.686854 0.00921871
0.199591 -0.342092 0.0322495
0.116064 0.864151 0.00694538
0.209674 0.584106 0.0133766
-0.868494 -0.149217 0.0068714
-0.314865 0.361102 0.0227915
0.248722 -0.526972 0.0152909
-0.51959 -0.386731 0.0121938
-0.889305 -0.315655 0.0064564
0.231524 -0.824475 0.00713574
-0.282417 -0.789105 0.00736071
-0.131026 0.733076 0.00910263
-0.531567 -0.290815 0.0140906
-0.436768 0.67371 0.00789145
-0.446375 -0.548769 0.0101036
0.27525 0.412456 0.0213076
0.337203 0.395807 0.0193864
-0.326785 0.0219326 0.0439337
-0.535243 0.454742 0.0102579
0.59457 0.0420784 0.0145419
0.555426 -0.145809 0.0157914
0.708649 0.385955 0.00782967
0.743415 0.284012 0.00802596
0.0544882 -0.503997 0.0203935
0.413032 0.664112 0.00827939
0.0201695 -0.736672 0.00929942
0.520668 0.290443 0.0145717
-0.535479 -0.128256 0.0172018
0.703954 -0.529351 0.00688584
-0.29206 0.695839 0.00886275
-0.772846 0.103686 0.00832402
0.681043 -0.445268 0.0077075
-0.859849 0.0459759 0.00707232
0.372114 -0.492982 0.0134894
0.512634 -0.607261 0.00803842
-0.487472 -0.539308 0.0095492
-0.725632 -0.497043 0.00687278
0.529555 -0.376408 0.0121324
0.766156 0.234036 0.00793381
-0.594632 -0.491739 0.00849441
-0.327934 0.487433 0.015025
-0.568458 0.239237 0.0135759
-0.224363 0.382308 0.0264237
0.760718 -0.456359 0.00681191
0.0549434 -0.0811686 0.127108
0.707458 -0.0293165 0.0100813
-0.549415 0.079015 0.016903
0.00446536 0.294275 0.0511352
0.178036 0.718163 0.00919174
-0.23868 0.687275 0.00955623
0.375101 -0.246526 0.0257961
-0.15345 -0.0504981 0.0972766
-0.255875 0.831749 0.0069802
-0.637555 -0.192423 0.0115155
0.133675 -0.668589 0.0109393
-0.299082 -0.88494 0.00649947
0.0932137 0.478111 0.0220584
-0.00954558 0.743669 0.00912771
0.137253 0.809855 0.00759735
-0.426879 0.0253645 0.0282235
-0.695601 -0.129948 0.0101035
0.242584 0.369761 0.0265095
-0.0261108 -0.623115 0.0132314
0.190278 -0.149157 0.065796
0.3203 0.241613 0.0315224
0.660853 0.520896 0.00731738
-0.322667 -0.373246 0.0214915
0.0676891 -0.402609 0.0305567
-0.584896 -0.385666 0.0103203
-0.455526 0.458334 0.0122387
0.645024 0.555572 0.00719001
0.713887 -0.281518 0.00858361
0.567907 0.650989 0.00704881
0.794651 -0.125694 0.00786031
0.783514 0.0905778 0.00814635
0.0725861 -0.760548 0.00865599
0.0157218 0.837716 0.00737201
-0.198447 -0.756666 0.00827712
-0.275284 -0.389988 0.0229561
-0.228057 -0.797301 0.00748426
-0.527205 -0.55887 0.00856373
0.388067 0.503865 0.0126623
-0.487914 0.304263 0.0157168
-0.811181 -0.285075 0.00710569
-0.664162 -0.309492 0.00937951
-0.741495 0.0169461 0.00916932
-0.665202 0.151889 0.0109327
0.42366 -0.711263 0.0075048
0.528998 -0.544195 0.00878065
-0.158042 0.574883 0.014584
0.506216 -0.425907 0.0116468
0.300404 -0.547641 0.0131866
0.138436 -0.735128 0.00901397
0.414027 -0.408961 0.0153591
0.416324 -0.283295 0.0206914
-0.533291 0.356675 0.0124421
0.22552 0.808387 0.00734977
-0.185108 0.424014 0.0243947
0.190366 0.284592 0.0408648
-0.692304 -0.250927 0.00931794
-0.406555 0.566858 0.0104189
-0.0484895 0.188532 0.0828618
-0.0663553 0.447651 0.0254143
0.354829 -0.430542 0.0167623
0.268608 -0.323353 0.0290616
-0.246379 -0.206994 0.044927
-0.473173 -0.136125 0.0215922
-0.118584 -0.792812 0.00791955
-0.194882 -0.589927 0.0133488
0.181546 0.781998 0.00788661
-0.146844 0.79017 0.00788533
-0.388 -0.415605 0.0160535
-0.31207 -0.301317 0.0273741
-0.557808 0.680002 0.00688477
-0.240145 -0.660789 0.0102605
0.201881 0.1574 0.0616064
0.40809 0.357357 0.0177366
0.477204 0.372535 0.0140941
0.480441 0.554957 0.0093768
-0.795714 0.365928 0.00692302
-0.435701 -0.0963976 0.0260484
-0.377623 -0.278124 0.023765
-0.439027 -0.313762 0.0179463
-0.503089 -0.444805 0.0112994
-0.558858 0.514934 0.00874902
0.0643318 0.682768 0.0108083
0.344313 0.711008 0.00811774
-0.351035 -0.734437 0.00772266
0.440199 0.532556 0.0106243
0.537821 -0.277069 0.0140973
0.659988 -0.253762 0.0101263
0.662112 -0.207076 0.0105554
0.590712 0.209347 0.0130742
-0.0452441 -0.677025 0.0110403
0.0849976 -0.635295 0.0124605
-0.37021 -0.639957 0.00923455
-0.137601 -0.672555 0.0107344
0.688289 0.318962 0.0087632
0.486204 0.460402 0.0113509
-0.723465 0.281205 0.00839005
-0.631876 0.321603 0.0100766
-0.812815 -0.129227 0.0075771
-0.807679 -0.232064 0.00732429
0.678338 -0.502357 0.00729503
-0.709625 0.112797 0.00976102
-0.897928 0.229518 0.00653206
-0.0784947 -0.758279 0.00869126
0.374529 0.671831 0.00854758
-0.830668 0.101003 0.0073792
-0.785372 -0.0652481 0.00815311
0.609797 -0.595381 0.0071939
0.709399 -0.574154 0.00662817
0.151987 -0.548164 0.0161433
0.392716 -0.548192 0.0111919
0.372453 -0.664214 0.0086951
-0.625053 -0.533408 0.00760239
-0.688215 -0.427408 0.00776959
0.591466 -0.540982 0.00792274
0.501838 0.101968 0.0199654
-0.364584 0.28729 0.0242399
-0.536295 0.0168318 0.0181633
-0.454865 0.154115 0.0227034
-0.190563 0.126372 0.0701771
-0.739723 0.345749 0.00768498
0.63003 -0.390824 0.00917643
-0.222971 -0.035014 0.0709401
-0.178262 -0.411631 0.0258236
0.144344 -0.0711583 0.0975242
0.306553 -0.267573 0.0308211
-0.371339 -0.0109813 0.0359606
-0.0918631 0.102618 0.108734
0.235731 0.193775 0.0486264
-0.219522 0.5845 0.0131823
0.336577 0.535737 0.0128152
-0.0305176 0.684418 0.0108117
-0.193328 0.715571 0.00918268
0.505877 -0.332818 0.0140801
0.650629 -0.0780331 0.0118806
0.0270491 -0.186244 0.0855099
0.0335005 0.14649 0.102451
0.43627 -0.844826 0.00642638
-0.639248 0.00957925 0.0125704
0.321548 -0.703568 0.0084599
0.254354 -0.650813 0.0103915
0.0944434 -0.5708 0.0155126
-0.324803 -0.776327 0.0073259
-0.405503 -0.761546 0.00705599
0.236679 0.689625 0.00946694
0.0223335 0.654882 0.0119073
-0.117502 0.642615 0.0119838
0.0362194 0.884042 0.00684784
-0.292235 0.141548 0.0443552
-0.391214 0.23449 0.0250169
-0.484245 -0.0084831 0.0223262
0.287855 0.515773 0.0148737
0.0607468 0.563158 0.0162121
-0.0344522 -0.722127 0.00966798
-0.196572 -0.315919 0.0358085
0.198832 -0.401039 0.0259492
0.203715 0.0106614 0.0794358
0.44977 -0.169541 0.0226753
0.560206 0.414014 0.0104392
0.614211 0.331167 0.0103949
-0.280329 -0.585 0.0121568
-0.0390198 -0.252244 0.0616051
-0.052403 -0.558698 0.0165571
-0.588592 0.423322 0.00961961
-0.396217 0.510598 0.0122732
-0.278371 0.539125 0.0140608
0.39205 0.437313 0.0150409
0.404706 0.706788 0.00770947
0.530434 0.622021 0.0076591
0.809245 0.351933 0.00685874
0.489861 0.64049 0.00784061
0.674218 0.436227 0.00789655
0.801275 0.44029 0.00661254
0.180974 -0.692333 0.009886
-0.356249 -0.541385 0.0121667
-0.102305 -0.517253 0.018832
-0.133055 -0.850373 0.00707463
0.651226 0.481127 0.00779178
-0.542404 0.21327 0.0153203
-0.866592 -0.211903 0.00677563
0.462201 -0.624044 0.0083933
0.153791 -0.300922 0.0418721
0.253061 0.472622 0.0181954
-0.291293 0.44326 0.0186318
0.18692 -0.507304 0.0179069
-0.607594 -0.336824 0.0105215
-0.297494 -0.741271 0.00798052
-0.482206 -0.22471 0.0185131
-0.304353 0.0721959 0.0468036
0.666914 0.0477765 0.0113773
0.63577 -0.170527 0.0117893
0.026658 -0.780493 0.0083144
0.444442 0.211893 0.0216074
-0.531077 -0.240252 0.0152881
0.403716 -0.45568 0.0139419
0.602247 -0.272826 0.011661
-0.620996 -0.43494 0.00878324
-0.540365 0.261453 0.0143642
-0.137492 0.476567 0.021253
0.148591 -0.24345 0.0534099
0.588003 -0.0619005 0.0148302
0.0956908 0.372363 0.0338517
0.232405 0.757492 0.00806933
0.270809 -0.213315 0.0406279
-0.300673 -0.0342008 0.0488403
-0.742725 -0.226591 0.00838461
0.0413178 0.501307 0.0206726
-0.744848 -0.0293063 0.00909104
0.195768 0.34755 0.0317938
0.0143583 -0.559283 0.0166649
0.227811 -0.196425 0.0496827
0.36258 0.292369 0.023981
0.113549 -0.410608 0.0284278
-0.385883 0.455096 0.0145557
0.755218 -0.185004 0.00837134
0.0626104 0.856308 0.00711805
-0.448669 0.204962 0.0215282
-0.20324 0.654173 0.0108178
0.48936 -0.49301 0.010516
0.200361 -0.566873 0.0143096
-0.169822 0.371442 0.0306208
0.140801 0.175072 0.0714578
-0.00358494 0.249142 0.0634765
-0.119538 0.542643 0.0169169
-0.359177 -0.159391 0.0327404
-0.584034 -0.190134 0.0136543
-0.142269 -0.741135 0.00884876
-0.336077 -0.591267 0.0109968
-0.335047 -0.250711 0.0292982
-0.500379 -0.326807 0.0144778
0.115872 0.691535 0.0102845
0.564342 -0.223005 0.0140285
0.751366 -0.244753 0.00814714
0.659213 -0.132225 0.0112632
0.612396 0.0989318 0.0133768
0.648722 0.382887 0.00890689
-0.754414 -0.124584 0.00864043
0.630352 -0.49321 0.00795263
-0.690057 -0.366635 0.00829977
0.372742 0.0233469 0.0355003
-0.315718 0.309984 0.0264447
-0.52998 -0.034147 0.0185653
-0.340351 0.186424 0.0334135
-0.0979936 0.209858 0.0691735
0.569833 -0.408984 0.0103143
-0.185054 -0.16005 0.0645979
-0.188367 -0.52793 0.016608
0.228948 -0.0911869 0.0643654
0.313687 -0.318254 0.0260731
-0.499617 0.179523 0.0185944
-0.0346968 0.0676903 0.137157
0.251534 0.152599 0.0511486
-0.160069 0.621478 0.0124549
0.291346 0.560489 0.0128892
0.472608 -0.281763 0.0172799
-0.00102073 -0.0841005 0.133919
-0.0226377 0.62897 0.0129719
-0.447409 0.254648 0.0197738
-0.0248368 0.505858 0.0204324
-0.0450606 -0.372796 0.0352846
0.252189 -0.385456 0.0245618
0.229558 0.0879498 0.0641312
0.500694 -0.216424 0.0175582
-0.405262 -0.52888 0.0114797
-0.299781 -0.646742 0.00994813
-0.155301 -0.352847 0.0337329
-0.284516 0.592423 0.0118418
-0.30909 -0.55285 0.0128126
-0.0252212 -0.496334 0.0211902
0.101777 -0.375084 0.0333405
0.317804 -0.366927 0.0222197
0.292586 0.680125 0.00919932
0.116678 0.580221 0.0148017
-0.437316 0.351221 0.0166008
-0.202205 0.326529 0.034057
0.193608 -0.633743 0.0116197
-0.426697 -0.368472 0.0164141
-0.468617 -0.360936 0.0148249
0.205768 0.414901 0.0242704
0.302269 0.299512 0.0283932
-0.427458 0.0991338 0.0268689
-0.261473 -0.0921881 0.0554084
0.670249 0.18942 0.0104409
0.460606 -0.0969845 0.0235422
0.512511 -0.0122962 0.0199257
0.723033 0.436521 0.0072827
0.594763 0.38389 0.0100958
0.707221 0.24778 0.00898708
0.57293 0.28064 0.0126145
-0.645121 -0.0716717 0.0121384
0.684891 -0.380947 0.0082595
0.30729 -0.487334 0.0156788
0.45896 -0.401148 0.0138906
0.614422 -0.443476 0.00881059
-0.339307 0.412674 0.0183327
-0.264744 0.341107 0.0277025
0.0653637 -0.000562972 0.140626
-0.0162263 -0.145021 0.104519
0.742323 0.0340927 0.00912442
-0.0883641 0.263227 0.055138
0.0719177 0.307349 0.0462132
-0.0599139 -0.105235 0.116441
-0.106402 -0.00234585 0.123669
-0.593811 -0.0718101 0.0144969
0.132352 0.435486 0.025111
0.16529 0.54916 0.0157888
-0.430099 -0.0426618 0.0276078
-0.368757 0.0545512 0.0357679
-0.730798 -0.170257 0.00897748
-0.592173 -0.114612 0.014215
-0.0843337 -0.654749 0.0116876
0.305346 -0.00959352 0.0485254
0.0893023 -0.171957 0.0831777
0.403882 0.120721 0.0289095
-0.308521 -0.439775 0.0181425
-0.00906866 -0.311875 0.0471
-0.555043 -0.333192 0.0122304
-0.501941 0.405879 0.0123098
0.717735 0.0870535 0.00966469
-0.239038 -0.425518 0.0219611
-0.641842 -0.235091 0.0108572
-0.241327 0.434447 0.0212312
-0.0718362 0.634501 0.0125546
0.488178 -0.377007 0.013543
0.341151 -0.592141 0.0108693
0.450338 -0.447765 0.0127243
-0.483782 0.36262 0.014157
-0.0377997 0.341462 0.040881
-0.205138 0.478839 0.019321
0.252978 0.249293 0.0386071
0.138923 0.323828 0.039054
-0.729492 -0.288407 0.0082304
-0.187049 0.173731 0.0615076
0.0256973 0.0894684 0.12996
-0.123925 0.404138 0.0286968
-0.015556 0.402626 0.031379
-0.262179 -0.266833 0.0354435
-0.197865 -0.0995902 0.0727056
-0.41689 -0.1429 0.026627
-0.189227 -0.63969 0.0114381
-0.246119 -0.311747 0.0320979
-0.233385 -0.570524 0.0135744
-0.26667 -0.700067 0.00900526
0.284514 0.192363 0.0407924
0.0732724 0.189294 0.079558
0.476123 0.318176 0.0158465
0.509531 0.415144 0.0118082
0.448429 0.575267 0.00949677
0.488683 0.509614 0.0101377
-0.406306 -0.190721 0.025795
-0.316406 -0.20447 0.0350318
-0.48582 -0.272517 0.0168214
0.0741211 0.731673 0.0093326
-0.347134 -0.684129 0.00859031
0.576328 -0.340237 0.0113391
0.482574 0.257747 0.017452
0.0345202 -0.648831 0.0121247
-0.720067 -0.0727123 0.00963021
0.234685 -0.453703 0.0200806
0.56054 0.0839911 0.016206
0.533128 0.240273 0.0151759
-0.486914 0.0551095 0.0217865
-0.171874 0.00796927 0.0926315
-0.287576 0.022416 0.0527054
0.106306 0.00835335 0.122977
0.102178 -0.109035 0.103124
0.333472 -0.192492 0.0338427
-0.0813658 0.159104 0.0894138
-0.193925 0.0652911 0.0788426
0.190666 0.218597 0.0520976
-0.25992 0.64121 0.0105903
-0.229041 0.523624 0.0159468
0.0165391 0.599344 0.0144167
0.628958 -0.0139982 0.0129644
0.585951 -0.17698 0.0137928
-0.0936532 -0.226461 0.0645816
0.105583 -0.220236 0.0648609
0.162146 0.118123 0.0805906
-0.693516 0.0469419 0.0104894
0.122354 -0.504502 0.0194844
0.262779 0.616822 0.0113124
-0.0946214 0.684672 0.0106187
-0.244736 0.102518 0.0585295
-0.403228 0.16682 0.027222
-0.323339 0.249213 0.0306597
0.136718 0.495513 0.0198181
-0.021698 -0.772503 0.00846976
-0.166751 -0.221003 0.0556378
-0.223401 -0.365276 0.0281099
0.15529 -0.339223 0.0357718
0.181383 -0.0953252 0.0786947
0.566531 -0.00972725 0.0162067
0.368928 -0.160251 0.031458
-0.239512 -0.61583 0.0116955
0.0161785 -0.241838 0.065255
-0.0823819 -0.461956 0.0237132
-0.577794 0.379424 0.0106208
-0.200578 -0.462474 0.0206298
0.382269 0.23 0.0260507
0.471019 -0.033695 0.0234833
0.26933 -0.148429 0.0479254
-0.256629 0.00365106 0.061333
0.00849747 0.547961 0.0174107
0.121085 0.249197 0.0553172
-0.294158 -0.245763 0.0340496
0.246611 -0.0321864 0.0635972
-0.215023 0.215113 0.0487571
-0.0443999 0.237918 0.0657067
-0.262013 -0.538302 0.0144574
-0.017529 -0.0288943 0.15053
0.0350324 -0.0366266 0.146303
-0.416822 0.295912 0.0200511
-0.142574 -0.464115 0.0221252
-0.587088 0.335449 0.0111284
0.149116 -0.378787 0.030779
0.102326 0.527974 0.0180925
-0.371053 0.346299 0.0203226
-0.237264 -0.140523 0.0558319
0.620331 0.151801 0.0125778
0.397295 -0.0887557 0.030777
0.457587 0.0317008 0.0246316
0.0933852 -0.0433527 0.125311
-0.0307577 -0.201991 0.0790554
-0.0232062 0.267123 0.0579275
-0.149494 0.100469 0.0890129
0.0635765 -0.219438 0.0699378
0.452797 0.150065 0.0230067
0.0105237 -0.384173 0.0338346
-0.0720304 0.383321 0.033182
0.0751805 0.0486487 0.13108
0.0531035 0.429219 0.0275882
-0.371171 -0.221009 0.0276206
0.532167 0.0396285 0.0183245
-0.234045 0.160528 0.0536567
0.0618029 -0.347753 0.038883
0.147241 -0.0145982 0.103687
0.135038 -0.146727 0.0808483
-0.210031 -0.267712 0.0413659
0.117232 -0.336188 0.0384876
-0.278865 0.396014 0.0223135
0.156362 -0.443446 0.0236334
0.689458 -0.171679 0.0100254
0.34197 0.184392 0.0332636
0.536461 0.193 0.0160292
-0.509769 -0.184395 0.017772
-0.0797457 0.509003 0.0197519
0.150101 -0.114019 0.085176
0.601729 -0.123124 0.0136568
-0.333702 -0.121691 0.0387189
-0.682773 -0.193419 0.0100459
-0.00225782 0.457461 0.0249403
0.18589 -0.208347 0.0549073
0.340395 0.340023 0.0225827
0.705132 -0.224001 0.0092445
0.154083 -0.587862 0.0140156
0.263324 -0.594908 0.01208
0.0933378 0.117684 0.102797
-0.050553 0.287282 0.0517145
0.00351585 0.199788 0.0808837
-0.295123 -0.146498 0.0434084
0.560889 0.143356 0.015473
0.402559 -0.13822 0.0284099
0.407619 0.0715479 0.0299222
-0.178926 0.267174 0.0450374
0.354929 -0.0516299 0.0381382
0.191648 -0.0486206 0.0816167
0.363434 -0.31507 0.0225683
-0.0271754 0.135717 0.108485
-0.0826824 0.0474318 0.128331
0.362019 0.139742 0.0333765
0.237253 0.540511 0.0148248
-0.0927221 -0.0608801 0.121169
0.0425211 -0.129477 0.109155
-0.0875983 -0.335202 0.0402374
0.543451 -0.183531 0.0158332
-0.07404 -0.281408 0.0520402
-0.036738 -0.427433 0.0280127
0.331234 0.650471 0.00946826
0.170663 0.632529 0.0118672
-0.45755 0.396419 0.0141154
-0.253376 0.273595 0.0357023
0.245561 0.317669 0.0314698
0.732711 0.196905 0.00877531
0.508164 -0.151615 0.0186454
0.537047 -0.0983575 0.0174793
0.541518 -0.0479936 0.0177055
-0.639528 -0.148673 0.0118472
-0.0478377 0.0126469 0.146543
-0.0472091 -0.0612042 0.135834
-0.554762 -0.075148 0.0166466
0.291746 -0.0758911 0.0495052
0.142501 -0.189479 0.067305
-0.309032 -0.506635 0.0147371
0.669235 0.11955 0.0110035
-0.113012 0.597856 0.0139541
0.0290713 0.358109 0.0379084
-0.177948 0.530211 0.0166554
-0.1271 0.25484 0.0532901
-0.127959 -0.116216 0.0922619
-0.453445 -0.186745 0.0217869
0.304686 0.129087 0.0429397
0.473887 0.184076 0.0203055
-0.132667 0.0534015 0.106068
-0.219454 0.0180292 0.0732572
0.393974 -0.189688 0.0271051
-0.136278 0.154892 0.0781713
-0.129927 -0.177411 0.073205
0.504774 -0.0582249 0.0203366
-0.104117 -0.403816 0.0294448
0.257702 0.0233434 0.0606368
0.444691 0.0948559 0.0252086
0.503772 0.163321 0.0186755
0.398059 0.172271 0.0274635
-0.156864 0.212538 0.0587734
-0.14047 -0.285803 0.0455759
0.419191 -0.0362825 0.0290395
0.0140975 0.0217955 0.153068
0.495812 0.207921 0.0181178
-0.312179 -0.0963285 0.0440567
0.359086 0.0899899 0.0361296
