#     Cycles	       h	error
#
           5       0.125     0.197196
           5      0.0625    0.0996122
           5     0.03125    0.0497636
           5    0.015625    0.0245478
           5   0.0078125    0.0115752
           5  0.00390625   0.00438851
           2       0.125     0.125382
           2      0.0625     0.113839
           2     0.03125     0.424885
           2    0.015625     0.960969
           2   0.0078125      1.98809
           2  0.00390625      4.01955

           
           


0           2       0.125     0.125382
1           2       0.125       2.2529
0           2       0.125     0.125382
0           2       0.125     0.125382
0           2       0.125     0.125382
0           2       0.125     0.125382
0           2       0.125     0.125382
0           2       0.125     0.125382
0           2       0.125     0.125382
0           8   0.0078125     0.012505
0           8   0.0078125     0.012505
0           2       0.125     0.125382
0           2       0.125     0.125382
0           2       0.125     0.125382
0           2       0.125     0.125382
0           2       0.125     0.125382
0           2       0.125     0.125382
0           2       0.125     0.125382
0           2       0.125     0.125382
0           2       0.125     0.125382
0           2       0.125     0.125382
0           2       0.125     0.125382
0           2       0.125     0.125382
0           2       0.125     0.125382
0           2       0.125     0.125382
0           2       0.125     0.125382
0           2       0.125     0.125382
0           2       0.125     0.125382
0           2       0.125     0.125382
0           2       0.125     0.125382
0           2       0.125     0.125382
0           2       0.125     0.125382
0           2       0.125     0.125382
0           2       0.125     0.125382
0           2       0.125     0.125382
0           2       0.125     0.125382
0           8  0.00390625   0.00625202
0           8 0.000488281  0.000773847
0           2       0.125     0.125382
0           2       0.125     0.125382
0           2       0.125     0.125382
0           2       0.125     0.125382
0           2       0.125     0.125382
0           2       0.125     0.125382
0           2       0.125     0.125382
0           2       0.125     0.125382
0           2       0.125     0.125382
0           2       0.125     0.125382
0           2       0.125     0.125382
0           2       0.125     0.125382
0           2       0.125     0.125382
0           2       0.125     0.125382
0           2       0.125     0.125382
0           2       0.125     0.125382
0           2       0.125     0.125382
0           2       0.125     0.125382
0           2       0.125     0.125382
0           2       0.125     0.125382
0           2       0.125     0.125382
0           2       0.125     0.125382
0           2       0.125     0.125382
0           2       0.125     0.125382
0           2       0.125     0.125382
0           2       0.125     0.125382
0           2       0.125     0.125382
0           2       0.125     0.125382
0           2       0.125     0.125382
0           2       0.125     0.125382
0           2       0.125     0.125382
0           2       0.125     0.125382
0           2       0.125     0.125382
0           2       0.125     0.125382
0           2       0.125     0.125382
0           2       0.125     0.125382
0           2       0.125     0.125382
0           2       0.125     0.125382
0           2       0.125     0.125382
0           2       0.125     0.125382
0           2       0.125     0.125382
0           2       0.125     0.125382
0           2       0.125     0.125382
0           2       0.125     0.125382
0           2       0.125     0.125382
0           2       0.125     0.125382
0           2       0.125     0.125382
