           0            0           0
           0        0.125           0
           0         0.25           0
           0        0.375           0
           0          0.5           0
           0        0.625           0
           0         0.75           0
           0        0.875           0
           0            1           0
       0.125            0           0
       0.125        0.125    0.156997
       0.125         0.25    0.338042
       0.125        0.375     0.57079
       0.125          0.5    0.890756
       0.125        0.625     1.34733
       0.125         0.75     2.01318
       0.125        0.875     2.98657
       0.125            1     4.41951
        0.25            0           0
        0.25        0.125    0.290189
        0.25         0.25    0.624382
        0.25        0.375     1.05446
        0.25          0.5      1.6449
        0.25        0.625     2.49092
        0.25         0.75     3.71881
        0.25        0.875     5.52056
        0.25            1     8.16619
       0.375            0           0
       0.375        0.125    0.379379
       0.375         0.25    0.816178
       0.375        0.375     1.37777
       0.375          0.5      2.1503
       0.375        0.625     3.25264
       0.375         0.75     4.86041
       0.375        0.875     7.21069
       0.375            1     10.6696
         0.5            0           0
         0.5        0.125    0.410484
         0.5         0.25    0.883179
         0.5        0.375     1.49116
         0.5          0.5      2.3259
         0.5        0.625     3.52267
         0.5         0.75     5.25951
         0.5        0.875     7.80741
         0.5            1     11.5487
       0.625            0           0
       0.625        0.125    0.379379
       0.625         0.25    0.816178
       0.625        0.375     1.37777
       0.625          0.5      2.1503
       0.625        0.625     3.25264
       0.625         0.75     4.86041
       0.625        0.875     7.21069
       0.625            1     10.6696
        0.75            0           0
        0.75        0.125    0.290189
        0.75         0.25    0.624382
        0.75        0.375     1.05446
        0.75          0.5      1.6449
        0.75        0.625     2.49092
        0.75         0.75     3.71881
        0.75        0.875     5.52056
        0.75            1     8.16619
       0.875            0           0
       0.875        0.125    0.156997
       0.875         0.25    0.338042
       0.875        0.375     0.57079
       0.875          0.5    0.890756
       0.875        0.625     1.34733
       0.875         0.75     2.01318
       0.875        0.875     2.98657
       0.875            1     4.41951
           1            0           0
           1        0.125           0
           1         0.25           0
           1        0.375           0
           1          0.5           0
           1        0.625           0
           1         0.75           0
           1        0.875           0
           1            1           0
