1 0 -100
0.998027 0.0627905 -100
0.992115 0.125333 -100
0.982287 0.187381 -100
0.968583 0.24869 -100
0.951057 0.309017 -100
0.929776 0.368125 -100
0.904827 0.425779 -100
0.876307 0.481754 -100
0.844328 0.535827 -100
0.809017 0.587785 -100
0.770513 0.637424 -100
0.728969 0.684547 -100
0.684547 0.728969 -100
0.637424 0.770513 -100
0.587785 0.809017 -100
0.535827 0.844328 -100
0.481753 0.876307 -100
0.425779 0.904827 -100
0.368124 0.929777 -100
0.309017 0.951057 -100
0.24869 0.968583 -100
0.187381 0.982287 -100
0.125333 0.992115 -100
0.0627901 0.998027 -100
-4.01339e-07 1 -100
-0.0627909 0.998027 -100
-0.125334 0.992115 -100
-0.187382 0.982287 -100
-0.24869 0.968583 -100
-0.309018 0.951056 -100
-0.368125 0.929776 -100
-0.42578 0.904827 -100
-0.481754 0.876306 -100
-0.535827 0.844328 -100
-0.587786 0.809017 -100
-0.637425 0.770513 -100
-0.684548 0.728968 -100
-0.728969 0.684547 -100
-0.770514 0.637423 -100
-0.809017 0.587785 -100
-0.844328 0.535826 -100
-0.876307 0.481753 -100
-0.904827 0.425779 -100
-0.929777 0.368124 -100
-0.951057 0.309016 -100
-0.968583 0.248689 -100
-0.982287 0.18738 -100
-0.992115 0.125332 -100
-0.998027 0.0627895 -100
-1 -1.0411e-06 -100
-0.998027 -0.0627916 -100
-0.992115 -0.125334 -100
-0.982287 -0.187382 -100
-0.968583 -0.248691 -100
-0.951056 -0.309018 -100
-0.929776 -0.368126 -100
-0.904827 -0.42578 -100
-0.876306 -0.481755 -100
-0.844327 -0.535828 -100
-0.809016 -0.587786 -100
-0.770512 -0.637425 -100
-0.728968 -0.684548 -100
-0.684546 -0.72897 -100
-0.637423 -0.770514 -100
-0.587784 -0.809018 -100
-0.535826 -0.844329 -100
-0.481753 -0.876307 -100
-0.425778 -0.904828 -100
-0.368123 -0.929777 -100
-0.309016 -0.951057 -100
-0.248689 -0.968583 -100
-0.18738 -0.982288 -100
-0.125332 -0.992115 -100
-0.0627891 -0.998027 -100
1.44244e-06 -1 -100
0.062792 -0.998027 -100
0.125335 -0.992115 -100
0.187383 -0.982287 -100
0.248691 -0.968583 -100
0.309018 -0.951056 -100
0.368126 -0.929776 -100
0.425781 -0.904826 -100
0.481755 -0.876306 -100
0.535828 -0.844327 -100
0.587787 -0.809016 -100
0.637425 -0.770512 -100
0.684548 -0.728967 -100
0.72897 -0.684546 -100
0.770514 -0.637423 -100
0.809018 -0.587784 -100
0.844329 -0.535825 -100
0.876308 -0.481752 -100
0.904828 -0.425778 -100
0.929777 -0.368123 -100
0.951057 -0.309015 -100
0.968584 -0.248688 -100
0.982288 -0.187379 -100
0.992115 -0.125331 -100
0.998027 -0.0627885 -100
-0.975605 0.00596181 -100
-0.90964 -0.258093 -100
-0.622568 -0.671586 -100
-0.916487 0.275444 -100
-0.721164 -0.638273 -100
-0.687519 -0.668271 -100
-0.428725 -0.854765 -100
-0.621299 0.164438 -100
-0.566806 -0.775965 -100
-0.725765 0.464905 -100
-0.746086 0.584771 -100
-0.804659 0.479377 -100
-0.12139 -0.952697 -100
-0.679309 0.665772 -100
-0.450094 -0.484709 -100
-0.519697 0.824742 -100
-0.576589 0.746115 -100
0.324251 0.468585 -100
0.00113445 -0.818633 -100
-0.168923 0.754415 -100
-0.246932 0.901445 -100
0.2249 -0.892002 -100
-0.11855 0.912598 -100
0.354989 -0.879267 -100
0.299167 -0.913259 -100
-0.184712 0.93524 -100
-0.057863 0.898547 -100
0.34395 -0.821745 -100
0.290096 -0.855069 -100
-0.735831 -0.386209 -100
-0.406122 0.797053 -100
0.591909 -0.742507 -100
-0.408363 0.864051 -100
0.035559 0.935309 -100
0.771777 -0.0150314 -100
-0.25192 0.0476713 -96.2623
0.604173 0.581104 -100
0.797233 -0.384844 -100
0.853351 -0.423472 -100
0.284257 0.809572 -100
-0.58963 0.47339 -100
-0.0396534 0.972995 -100
0.565374 -0.643838 -100
-0.0581865 -0.923885 -100
0.0914579 -0.451083 -99.9975
-0.53721 -0.666535 -100
0.714423 -0.628136 -100
-0.362798 0.682113 -100
0.380936 0.877296 -100
0.00896578 -0.912425 -100
0.168495 0.907251 -100
-0.18035 -0.914856 -100
0.426766 0.846738 -100
0.317287 0.877603 -100
0.519846 0.740826 -100
-0.681036 0.515588 -100
0.88944 -0.31695 -100
-0.790096 0.542874 -100
0.488996 0.808836 -100
-0.524471 -0.812889 -100
0.749318 0.588077 -100
-0.349706 0.89027 -100
0.923571 -0.107852 -100
-0.337532 -0.894924 -100
-0.471696 -0.674947 -100
0.953545 -0.0613867 -100
0.884241 -0.0608483 -100
0.948712 0.0370283 -100
0.753463 0.337395 -100
0.867295 0.00335078 -100
-0.777722 0.314213 -100
0.87281 0.172036 -100
-0.828075 -0.490301 -100
0.932212 0.251291 -100
0.86549 0.371762 -100
-0.859513 -0.0777547 -100
0.305838 -0.649633 -100
0.870674 0.250635 -100
-0.801916 0.192771 -100
-0.953475 -0.0786822 -100
-0.0122743 -0.958218 -100
-0.0263523 -0.868275 -100
0.364 0.81973 -100
-0.4649 0.74687 -100
-0.929987 -0.184597 -100
-0.335933 0.732131 -100
0.664779 -0.671977 -100
-0.943842 -0.0255194 -100
0.764854 -0.532681 -100
-0.884312 0.101463 -100
-0.514996 -0.759725 -100
-0.56457 -0.726933 -100
-0.853926 -0.372522 -100
0.428643 -0.50067 -100
0.18434 -0.787108 -100
-0.675153 -0.552332 -100
-0.78912 -0.526896 -100
0.4932 -0.684081 -100
0.437682 -0.346951 -100
-0.0226588 0.940992 -100
-0.678223 -0.616667 -100
-0.624111 -0.588206 -100
-0.504168 0.641027 -100
-0.493697 0.234864 -100
-0.864064 0.36942 -100
-0.833016 0.316273 -100
0.241332 0.904509 -100
-0.855019 0.451364 -100
0.819725 -0.446572 -100
0.146208 0.0540957 -70.3307
0.664389 0.664939 -100
0.710927 0.622697 -100
-0.586645 0.0345725 -100
-0.263177 0.483862 -100
-0.0507708 0.569803 -100
0.846371 -0.274586 -100
-0.741486 0.524775 -100
0.220794 -0.262195 -99.719
-0.722951 0.636426 -100
0.112448 -0.925794 -100
-0.353985 0.837103 -100
0.530147 -0.764285 -100
-0.522552 0.778718 -100
-0.304538 0.871493 -100
-0.839074 -0.441192 -100
-0.589395 -0.277358 -100
-0.467355 0.814574 -100
-0.686444 0.607615 -100
0.284674 -0.796645 -100
0.393159 -0.8472 -100
0.175804 -0.941963 -100
0.271398 -0.736468 -100
-0.331406 -0.83308 -100
0.127693 0.753766 -100
-0.0375386 0.796978 -100
-0.179915 0.856116 -100
0.102862 -0.863899 -100
-0.0713883 0.95288 -100
-0.491662 -0.074934 -99.9996
-0.620457 0.62983 -100
0.0268968 0.707515 -100
0.911272 -0.238553 -100
0.109454 0.938927 -100
-0.121611 -0.596277 -100
0.662858 -0.609897 -100
0.425007 0.279356 -99.9998
0.487219 0.597532 -100
-0.707081 0.397083 -100
0.636769 -0.720652 -100
-0.276498 -0.348626 -99.995
-0.560063 -0.44251 -100
-0.456039 0.536671 -100
0.271593 0.859295 -100
0.380296 0.629869 -100
0.38666 0.758568 -100
-0.587488 0.570535 -100
0.868782 -0.375639 -100
-0.461432 -0.733823 -100
0.702859 0.490848 -100
0.802335 -0.234775 -100
0.599704 0.709986 -100
0.813805 0.49676 -100
-0.381229 -0.872685 -100
0.828734 -0.0837083 -100
0.93703 0.157105 -100
0.755014 0.531629 -100
0.846324 0.436287 -100
0.822075 -0.0330838 -100
-0.928637 0.193766 -100
0.792967 0.16733 -100
-0.790811 -0.406574 -100
0.900237 0.309947 -100
0.849116 0.312511 -100
0.0704919 -0.696379 -100
-0.934311 0.0547197 -100
-0.0035643 0.891454 -100
-0.313071 -0.701196 -100
-0.251444 -0.901894 -100
0.609474 0.636895 -100
0.875437 -0.187484 -100
0.42386 0.796542 -100
-0.347982 0.780636 -100
-0.170808 -0.797753 -100
-0.484264 -0.602396 -100
0.925895 -0.00762957 -100
0.542235 0.47558 -100
0.844944 0.117379 -100
-0.597827 0.272906 -100
0.919068 0.0962212 -100
-0.738295 -0.57948 -100
0.919227 0.203412 -100
-0.774974 -0.273807 -100
-0.74213 0.065826 -100
0.465595 -0.751123 -100
0.561639 -0.585933 -100
-0.741365 0.212294 -100
-0.798376 0.258593 -100
-0.913084 -0.0604886 -100
-0.62574 0.703149 -100
-0.920466 -0.112652 -100
-0.322035 0.633543 -100
0.753979 -0.592351 -100
-0.458815 -0.802308 -100
0.656508 -0.32198 -100
0.231381 -0.690216 -100
-0.0797509 -0.872071 -100
0.557997 -0.70401 -100
0.377395 -0.374538 -99.9999
-0.525246 0.728858 -100
-0.631813 0.377941 -100
0.188016 0.846156 -100
0.153113 0.378 -99.9755
-0.932123 0.137887 -100
0.655182 0.602597 -100
-0.828013 -0.180388 -100
-0.451192 0.601226 -100
-0.116765 0.32116 -99.7088
0.293602 -0.424497 -99.9998
0.0504706 -0.955696 -100
-0.432373 -0.241645 -99.9995
0.47613 -0.810672 -100
0.171181 -0.843289 -100
-0.204145 -0.700984 -100
0.242131 0.84552 -100
-0.0952866 0.840632 -100
-0.0960626 0.779281 -100
0.122393 -0.800346 -100
-0.378572 -0.342327 -99.9998
-0.496602 0.694627 -100
0.0370838 0.753446 -100
-0.404737 -0.584025 -100
0.622164 -0.6409 -100
0.290146 0.355687 -99.9973
0.450929 0.42204 -100
-0.769333 0.417324 -100
-0.370078 -0.087845 -99.9278
-0.459493 -0.410971 -100
-0.51691 0.570462 -100
0.287912 0.735777 -100
-0.504718 0.506459 -100
-0.395073 -0.817869 -100
0.538664 0.559158 -100
0.618494 -0.21658 -100
0.718545 -0.111654 -100
0.773576 -0.0664058 -100
0.640639 0.26388 -100
0.801339 0.285101 -100
0.0412678 -0.607053 -100
-0.406163 -0.695292 -100
0.44781 0.750136 -100
-0.391612 0.736 -100
-0.086995 -0.704134 -100
-0.427551 -0.639486 -100
0.540606 0.351125 -100
0.904217 0.0380116 -100
-0.682438 0.335056 -100
-0.77877 -0.177851 -100
-0.806505 0.144194 -100
0.71771 -0.492647 -100
-0.756568 0.156593 -100
-0.863333 0.270077 -100
-0.0653756 -0.819117 -100
0.333211 0.76617 -100
-0.838344 -0.316267 -100
-0.210437 0.777738 -100
-0.794638 0.0442977 -100
0.655704 -0.549506 -100
-0.889379 -0.0125448 -100
-0.845959 0.223402 -100
-0.50918 -0.711594 -100
-0.781713 -0.333546 -100
0.344246 -0.53406 -100
0.410515 -0.608942 -100
0.06221 -0.904867 -100
-0.561809 -0.605287 -100
-0.786825 -0.465604 -100
-0.655601 -0.490606 -100
0.371897 -0.726404 -100
0.561468 -0.478034 -100
0.727764 0.141917 -100
-0.0362887 0.85361 -100
-0.577749 -0.547428 -100
-0.408981 0.40315 -100
-0.560456 0.151246 -100
-0.275453 0.204168 -99.7199
-0.892738 0.318149 -100
-0.754219 0.380849 -100
-0.832072 0.417895 -100
0.730463 -0.402247 -100
0.813483 -0.491496 -100
-0.0768782 -0.162237 -80.0403
0.345432 -0.122161 -99.8784
-0.496149 0.119291 -99.9998
-0.706569 0.170104 -100
0.0446618 0.248583 -95.88
-0.24361 0.728016 -100
0.333066 0.594285 -100
-0.150443 0.674679 -100
0.8372 -0.329677 -100
0.4336 -0.230539 -99.9994
-0.0621177 -0.0284874 -20.8169
-0.700902 0.559191 -100
-0.309346 0.81728 -100
0.405494 -0.784374 -100
-0.284911 0.765998 -100
-0.697652 -0.016692 -100
-0.745651 -0.437135 -100
-0.6189 0.515239 -100
0.332903 -0.76081 -100
0.132577 -0.619688 -100
0.236144 -0.775579 -100
-0.362014 -0.78453 -100
0.0727708 0.895986 -100
0.0813115 0.628731 -100
-0.0659068 0.736551 -100
0.0732437 0.798926 -100
0.0347701 -0.863154 -100
0.157163 -0.893336 -100
-0.355383 0.121326 -99.9133
-0.584145 -0.027215 -100
0.188349 0.484819 -99.9999
0.925612 -0.162867 -100
0.00358193 -0.682642 -100
0.0821521 -0.277065 -98.4634
0.304538 0.0577422 -99.1801
0.610757 0.441545 -100
0.570176 0.61006 -100
-0.659242 0.28583 -100
-0.649005 0.452258 -100
0.606981 -0.687574 -100
-0.370563 -0.486464 -100
0.0270584 -0.444041 -99.995
-0.643914 -0.377167 -100
-0.547249 0.404105 -100
-0.344686 0.563287 -100
0.395223 0.570845 -100
0.463054 0.686062 -100
0.440271 0.623673 -100
-0.557118 0.617657 -100
-0.649013 0.566064 -100
0.81781 0.400443 -100
0.69671 0.559472 -100
0.782872 -0.299769 -100
0.528328 0.675459 -100
0.767403 0.402688 -100
0.824095 -0.181227 -100
0.760678 0.466139 -100
-0.865704 0.165837 -100
0.807575 0.0234353 -100
0.820741 0.222126 -100
0.0606465 -0.814664 -100
0.206856 -0.736273 -100
0.0160204 0.7861 -100
-0.266097 -0.841743 -100
-0.252147 -0.481867 -100
-0.205519 -0.850591 -100
0.864404 -0.130008 -100
0.85236 -0.222948 -100
-0.246809 -0.746626 -100
-0.115233 -0.902704 -100
-0.529149 -0.501394 -100
0.606986 0.516463 -100
0.440825 0.478537 -100
-0.591776 0.209885 -100
-0.548823 0.305128 -100
0.854207 0.0619394 -100
-0.853593 -0.269243 -100
-0.720277 -0.336647 -100
-0.77872 -0.00967164 -100
-0.628755 0.0937077 -100
0.432649 -0.658816 -100
0.461124 -0.560942 -100
-0.663633 0.218839 -100
-0.828982 -0.0125387 -100
-0.387602 0.619698 -100
0.727757 -0.34526 -100
0.276719 -0.686854 -100
0.199591 -0.342092 -99.9608
0.116064 0.864151 -100
0.209674 0.584106 -100
-0.868494 -0.149217 -100
-0.314865 0.361102 -99.999
0.248722 -0.526972 -100
-0.51959 -0.386731 -100
-0.889305 -0.315655 -100
0.231524 -0.824475 -100
-0.282417 -0.789105 -100
-0.131026 0.733076 -100
-0.531567 -0.290815 -100
-0.436768 0.67371 -100
-0.446375 -0.548769 -100
0.27525 0.412456 -99.9995
0.337203 0.395807 -99.9999
-0.326785 0.0219326 -99.5315
-0.535243 0.454742 -100
0.59457 0.0420784 -100
0.555426 -0.145809 -100
0.708649 0.385955 -100
0.743415 0.284012 -100
0.0544882 -0.503997 -99.9997
0.413032 0.664112 -100
0.0201695 -0.736672 -100
0.520668 0.290443 -100
-0.535479 -0.128256 -100
0.703954 -0.529351 -100
-0.29206 0.695839 -100
-0.772846 0.103686 -100
0.681043 -0.445268 -100
-0.859849 0.0459759 -100
0.372114 -0.492982 -100
0.512634 -0.607261 -100
-0.487472 -0.539308 -100
-0.725632 -0.497043 -100
0.529555 -0.376408 -100
0.766156 0.234036 -100
-0.594632 -0.491739 -100
-0.327934 0.487433 -100
-0.568458 0.239237 -100
-0.224363 0.382308 -99.9946
0.760718 -0.456359 -100
0.0549434 -0.0811686 -38.1375
0.707458 -0.0293165 -100
-0.549415 0.079015 -100
0.00446536 0.294275 -98.6843
0.178036 0.718163 -100
-0.23868 0.687275 -100
0.375101 -0.246526 -99.9958
-0.15345 -0.0504981 -72.8759
-0.255875 0.831749 -100
-0.637555 -0.192423 -100
0.133675 -0.668589 -100
-0.299082 -0.88494 -100
0.0932137 0.478111 -99.9993
-0.00954558 0.743669 -100
0.137253 0.809855 -100
-0.426879 0.0253645 -99.9893
-0.695601 -0.129948 -100
0.242584 0.369761 -99.9943
-0.0261108 -0.623115 -100
0.190278 -0.149157 -94.6205
0.3203 0.241613 -99.968
0.660853 0.520896 -100
-0.322667 -0.373246 -99.9995
0.0676891 -0.402609 -99.976
-0.584896 -0.385666 -100
-0.455526 0.458334 -100
0.645024 0.555572 -100
0.713887 -0.281518 -100
0.567907 0.650989 -100
0.794651 -0.125694 -100
0.783514 0.0905778 -100
0.0725861 -0.760548 -100
0.0157218 0.837716 -100
-0.198447 -0.756666 -100
-0.275284 -0.389988 -99.9989
-0.228057 -0.797301 -100
-0.527205 -0.55887 -100
0.388067 0.503865 -100
-0.487914 0.304263 -100
-0.811181 -0.285075 -100
-0.664162 -0.309492 -100
-0.741495 0.0169461 -100
-0.665202 0.151889 -100
0.42366 -0.711263 -100
0.528998 -0.544195 -100
-0.158042 0.574883 -100
0.506216 -0.425907 -100
0.300404 -0.547641 -100
0.138436 -0.735128 -100
0.414027 -0.408961 -100
0.416324 -0.283295 -99.9997
-0.533291 0.356675 -100
0.22552 0.808387 -100
-0.185108 0.424014 -99.9978
0.190366 0.284592 -99.7153
-0.692304 -0.250927 -100
-0.406555 0.566858 -100
-0.0484895 0.188532 -84.9633
-0.0663553 0.447651 -99.9964
0.354829 -0.430542 -100
0.268608 -0.323353 -99.9854
-0.246379 -0.206994 -99.4357
-0.473173 -0.136125 -99.9995
-0.118584 -0.792812 -100
-0.194882 -0.589927 -100
0.181546 0.781998 -100
-0.146844 0.79017 -100
-0.388 -0.415605 -100
-0.31207 -0.301317 -99.9918
-0.557808 0.680002 -100
-0.240145 -0.660789 -100
0.201881 0.1574 -96.2237
0.40809 0.357357 -100
0.477204 0.372535 -100
0.480441 0.554957 -100
-0.795714 0.365928 -100
-0.435701 -0.0963976 -99.9953
-0.377623 -0.278124 -99.9983
-0.439027 -0.313762 -100
-0.503089 -0.444805 -100
-0.558858 0.514934 -100
0.0643318 0.682768 -100
0.344313 0.711008 -100
-0.351035 -0.734437 -100
0.440199 0.532556 -100
0.537821 -0.277069 -100
0.659988 -0.253762 -100
0.662112 -0.207076 -100
0.590712 0.209347 -100
-0.0452441 -0.677025 -100
0.0849976 -0.635295 -100
-0.37021 -0.639957 -100
-0.137601 -0.672555 -100
0.688289 0.318962 -100
0.486204 0.460402 -100
-0.723465 0.281205 -100
-0.631876 0.321603 -100
-0.812815 -0.129227 -100
-0.807679 -0.232064 -100
0.678338 -0.502357 -100
-0.709625 0.112797 -100
-0.897928 0.229518 -100
-0.0784947 -0.758279 -100
0.374529 0.671831 -100
-0.830668 0.101003 -100
-0.785372 -0.0652481 -100
0.609797 -0.595381 -100
0.709399 -0.574154 -100
0.151987 -0.548164 -100
0.392716 -0.548192 -100
0.372453 -0.664214 -100
-0.625053 -0.533408 -100
-0.688215 -0.427408 -100
0.591466 -0.540982 -100
0.501838 0.101968 -99.9998
-0.364584 0.28729 -99.9979
-0.536295 0.0168318 -99.9999
-0.454865 0.154115 -99.999
-0.190563 0.126372 -92.6767
-0.739723 0.345749 -100
0.63003 -0.390824 -100
-0.222971 -0.035014 -92.1684
-0.178262 -0.411631 -99.9957
0.144344 -0.0711583 -72.6057
0.306553 -0.267573 -99.9746
-0.371339 -0.0109813 -99.8993
-0.0918631 0.102618 -61.2626
0.235731 0.193775 -99.0494
-0.219522 0.5845 -100
0.336577 0.535737 -100
-0.0305176 0.684418 -100
-0.193328 0.715571 -100
0.505877 -0.332818 -100
0.650629 -0.0780331 -100
0.0270491 -0.186244 -82.9807
0.0335005 0.14649 -67.6637
0.43627 -0.844826 -100
-0.639248 0.00957925 -100
0.321548 -0.703568 -100
0.254354 -0.650813 -100
0.0944434 -0.5708 -100
-0.324803 -0.776327 -100
-0.405503 -0.761546 -100
0.236679 0.689625 -100
0.0223335 0.654882 -100
-0.117502 0.642615 -100
0.0362194 0.884042 -100
-0.292235 0.141548 -99.4865
-0.391214 0.23449 -99.997
-0.484245 -0.0084831 -99.9992
0.287855 0.515773 -100
0.0607468 0.563158 -100
-0.0344522 -0.722127 -100
-0.196572 -0.315919 -99.9014
0.198832 -0.401039 -99.9955
0.203715 0.0106614 -87.5141
0.44977 -0.169541 -99.999
0.560206 0.414014 -100
0.614211 0.331167 -100
-0.280329 -0.585 -100
-0.0390198 -0.252244 -96.1511
-0.052403 -0.558698 -100
-0.588592 0.423322 -100
-0.396217 0.510598 -100
-0.278371 0.539125 -100
0.39205 0.437313 -100
0.404706 0.706788 -100
0.530434 0.622021 -100
0.809245 0.351933 -100
0.489861 0.64049 -100
0.674218 0.436227 -100
0.801275 0.44029 -100
0.180974 -0.692333 -100
-0.356249 -0.541385 -100
-0.102305 -0.517253 -99.9999
-0.133055 -0.850373 -100
0.651226 0.481127 -100
-0.542404 0.21327 -100
-0.866592 -0.211903 -100
0.462201 -0.624044 -100
0.153791 -0.300922 -99.6688
0.253061 0.472622 -99.9999
-0.291293 0.44326 -99.9999
0.18692 -0.507304 -100
-0.607594 -0.336824 -100
-0.297494 -0.741271 -100
-0.482206 -0.22471 -99.9999
-0.304353 0.0721959 -99.2494
0.666914 0.0477765 -100
0.63577 -0.170527 -100
0.026658 -0.780493 -100
0.444442 0.211893 -99.9995
-0.531077 -0.240252 -100
0.403716 -0.45568 -100
0.602247 -0.272826 -100
-0.620996 -0.43494 -100
-0.540365 0.261453 -100
-0.137492 0.476567 -99.9995
0.148591 -0.24345 -98.2876
0.588003 -0.0619005 -100
0.0956908 0.372363 -99.9383
0.232405 0.757492 -100
0.270809 -0.213315 -99.7373
-0.300673 -0.0342008 -98.9731
-0.742725 -0.226591 -100
0.0413178 0.501307 -99.9997
-0.744848 -0.0293063 -100
0.195768 0.34755 -99.9649
0.0143583 -0.559283 -100
0.227811 -0.196425 -98.9154
0.36258 0.292369 -99.9981
0.113549 -0.410608 -99.9885
-0.385883 0.455096 -100
0.755218 -0.185004 -100
0.0626104 0.856308 -100
-0.448669 0.204962 -99.9995
-0.20324 0.654173 -100
0.48936 -0.49301 -100
0.200361 -0.566873 -100
-0.169822 0.371442 -99.9761
0.140801 0.175072 -91.9834
-0.00358494 0.249142 -95.5136
-0.119538 0.542643 -100
-0.359177 -0.159391 -99.9556
-0.584034 -0.190134 -100
-0.142269 -0.741135 -100
-0.336077 -0.591267 -100
-0.335047 -0.250711 -99.9842
-0.500379 -0.326807 -100
0.115872 0.691535 -100
0.564342 -0.223005 -100
0.751366 -0.244753 -100
0.659213 -0.132225 -100
0.612396 0.0989318 -100
0.648722 0.382887 -100
-0.754414 -0.124584 -100
0.630352 -0.49321 -100
-0.690057 -0.366635 -100
0.372742 0.0233469 -99.9064
-0.315718 0.309984 -99.9944
-0.52998 -0.034147 -99.9999
-0.340351 0.186424 -99.9463
-0.0979936 0.209858 -93.1578
0.569833 -0.408984 -100
-0.185054 -0.16005 -94.9861
-0.188367 -0.52793 -100
0.228948 -0.0911869 -95.1998
0.313687 -0.318254 -99.9954
-0.499617 0.179523 -99.9999
-0.0346968 0.0676903 -25.1132
0.251534 0.152599 -98.6802
-0.160069 0.621478 -100
0.291346 0.560489 -100
0.472608 -0.281763 -100
-0.00102073 -0.0841005 -29.7842
-0.0226377 0.62897 -100
-0.447409 0.254648 -99.9998
-0.0248368 0.505858 -99.9997
-0.0450606 -0.372796 -99.9133
0.252189 -0.385456 -99.9975
0.229558 0.0879498 -95.1272
0.500694 -0.216424 -100
-0.405262 -0.52888 -100
-0.299781 -0.646742 -100
-0.155301 -0.352847 -99.9407
-0.284516 0.592423 -100
-0.30909 -0.55285 -100
-0.0252212 -0.496334 -99.9996
0.101777 -0.375084 -99.9475
0.317804 -0.366927 -99.9992
0.292586 0.680125 -100
0.116678 0.580221 -100
-0.437316 0.351221 -100
-0.202205 0.326529 -99.9373
0.193608 -0.633743 -100
-0.426697 -0.368472 -100
-0.468617 -0.360936 -100
0.205768 0.414901 -99.9978
0.302269 0.299512 -99.9883
-0.427458 0.0991338 -99.9934
-0.261473 -0.0921881 -97.8576
0.670249 0.18942 -100
0.460606 -0.0969845 -99.9985
0.512511 -0.0122962 -99.9998
0.723033 0.436521 -100
0.594763 0.38389 -100
0.707221 0.24778 -100
0.57293 0.28064 -100
-0.645121 -0.0716717 -100
0.684891 -0.380947 -100
0.30729 -0.487334 -100
0.45896 -0.401148 -100
0.614422 -0.443476 -100
-0.339307 0.412674 -99.9999
-0.264744 0.341107 -99.9911
0.0653637 -0.000562972 -19.2277
-0.0162263 -0.145021 -65.5141
0.742323 0.0340927 -100
-0.0883641 0.263227 -97.8821
0.0719177 0.307349 -99.3137
-0.0599139 -0.105235 -51.9585
-0.106402 -0.00234585 -43.2347
-0.593811 -0.0718101 -100
0.132352 0.435486 -99.9968
0.16529 0.54916 -100
-0.430099 -0.0426618 -99.9912
-0.368757 0.0545512 -99.9039
-0.730798 -0.170257 -100
-0.592173 -0.114612 -100
-0.0843337 -0.654749 -100
0.305346 -0.00959352 -99.0593
0.0893023 -0.171957 -84.6968
0.403882 0.120721 -99.9861
-0.308521 -0.439775 -99.9999
-0.00906866 -0.311875 -99.2306
-0.555043 -0.333192 -100
-0.501941 0.405879 -100
0.717735 0.0870535 -100
-0.239038 -0.425518 -99.9993
-0.641842 -0.235091 -100
-0.241327 0.434447 -99.9996
-0.0718362 0.634501 -100
0.488178 -0.377007 -100
0.341151 -0.592141 -100
0.450338 -0.447765 -100
-0.483782 0.36262 -100
-0.0377997 0.341462 -99.7264
-0.205138 0.478839 -99.9999
0.252978 0.249293 -99.8177
0.138923 0.323828 -99.7987
-0.729492 -0.288407 -100
-0.187049 0.173731 -96.155
0.0256973 0.0894684 -35.1535
-0.123925 0.404138 -99.9868
-0.015556 0.402626 -99.9702
-0.262179 -0.266833 -99.9085
-0.197865 -0.0995902 -91.3994
-0.41689 -0.1429 -99.9939
-0.189227 -0.63969 -100
-0.246119 -0.311747 -99.9625
-0.233385 -0.570524 -100
-0.26667 -0.700067 -100
0.284514 0.192363 -99.7254
0.0732724 0.189294 -87.254
0.476123 0.318176 -100
0.509531 0.415144 -100
0.448429 0.575267 -100
0.488683 0.509614 -100
-0.406306 -0.190721 -99.9958
-0.316406 -0.20447 -99.9172
-0.48582 -0.272517 -100
0.0741211 0.731673 -100
-0.347134 -0.684129 -100
0.576328 -0.340237 -100
0.482574 0.257747 -100
0.0345202 -0.648831 -100
-0.720067 -0.0727123 -100
0.234685 -0.453703 -99.9998
0.56054 0.0839911 -100
0.533128 0.240273 -100
-0.486914 0.0551095 -99.9994
-0.171874 0.00796927 -77.2387
-0.287576 0.022416 -98.4393
0.106306 0.00835335 -43.359
0.102178 -0.109035 -67.2527
0.333472 -0.192492 -99.9396
-0.0813658 0.159104 -79.7421
-0.193925 0.0652911 -87.6732
0.190666 0.218597 -98.5106
-0.25992 0.64121 -100
-0.229041 0.523624 -100
0.0165391 0.599344 -100
0.628958 -0.0139982 -100
0.585951 -0.17698 -100
-0.0936532 -0.226461 -95.0346
0.105583 -0.220236 -94.9333
0.162146 0.118123 -86.6295
-0.693516 0.0469419 -100
0.122354 -0.504502 -99.9999
0.262779 0.616822 -100
-0.0946214 0.684672 -100
-0.244736 0.102518 -97.0406
-0.403228 0.16682 -99.9927
-0.323339 0.249213 -99.9759
0.136718 0.495513 -99.9998
-0.021698 -0.772503 -100
-0.166751 -0.221003 -97.834
-0.223401 -0.365276 -99.9896
0.15529 -0.339223 -99.905
0.181383 -0.0953252 -87.745
0.566531 -0.00972725 -100
0.368928 -0.160251 -99.9693
-0.239512 -0.61583 -100
0.0161785 -0.241838 -94.699
-0.0823819 -0.461956 -99.9983
-0.577794 0.379424 -100
-0.200578 -0.462474 -99.9997
0.382269 0.23 -99.9952
0.471019 -0.033695 -99.9986
0.26933 -0.148429 -99.1159
-0.256629 0.00365106 -96.2876
0.00849747 0.547961 -100
0.121085 0.249197 -97.8462
-0.294158 -0.245763 -99.9355
0.246611 -0.0321864 -95.4614
-0.215023 0.215113 -99.02
-0.0443999 0.237918 -94.6534
-0.262013 -0.538302 -100
-0.017529 -0.0288943 -5.54129
0.0350324 -0.0366266 -12.0445
-0.416822 0.295912 -99.9998
-0.142574 -0.464115 -99.9992
-0.587088 0.335449 -100
0.149116 -0.378787 -99.9748
0.102326 0.527974 -99.9999
-0.371053 0.346299 -99.9997
-0.237264 -0.140523 -97.7673
0.620331 0.151801 -100
0.397295 -0.0887557 -99.9748
0.457587 0.0317008 -99.9973
0.0933852 -0.0433527 -41.1344
-0.0307577 -0.201991 -87.5969
-0.0232062 0.267123 -97.2527
-0.149494 0.100469 -80.2501
0.0635765 -0.219438 -92.644
0.452797 0.150065 -99.9989
0.0105237 -0.384173 -99.9379
-0.0720304 0.383321 -99.9503
0.0751805 0.0486487 -33.0243
0.0531035 0.429219 -99.9913
-0.371171 -0.221009 -99.9911
0.532167 0.0396285 -99.9999
-0.234045 0.160528 -98.2176
0.0618029 -0.347753 -99.8045
0.147241 -0.0145982 -66.531
0.135038 -0.146727 -86.3045
-0.210031 -0.267712 -99.6939
0.117232 -0.336188 -99.8232
-0.278865 0.396014 -99.9992
0.156362 -0.443446 -99.9984
0.689458 -0.171679 -100
0.34197 0.184392 -99.9472
0.536461 0.193 -100
-0.509769 -0.184395 -100
-0.0797457 0.509003 -99.9998
0.150101 -0.114019 -83.0759
0.601729 -0.123124 -100
-0.333702 -0.121691 -99.8179
-0.682773 -0.193419 -100
-0.00225782 0.457461 -99.9971
0.18589 -0.208347 -97.9719
0.340395 0.340023 -99.9991
0.705132 -0.224001 -100
0.154083 -0.587862 -100
0.263324 -0.594908 -100
0.0933378 0.117684 -67.6311
-0.050553 0.287282 -98.5796
0.00351585 0.199788 -86.416
-0.295123 -0.146498 -99.5608
0.560889 0.143356 -100
0.402559 -0.13822 -99.9884
0.407619 0.0715479 -99.9809
-0.178926 0.267174 -99.4314
0.354929 -0.0516299 -99.8391
0.191648 -0.0486206 -85.8371
0.363434 -0.31507 -99.9991
-0.0271754 0.135717 -61.6256
-0.0826824 0.0474318 -36.5049
0.362019 0.139742 -99.9463
0.237253 0.540511 -100
-0.0927221 -0.0608801 -45.9407
0.0425211 -0.129477 -60.4861
-0.0875983 -0.335202 -99.7525
0.543451 -0.183531 -100
-0.07404 -0.281408 -98.5499
-0.036738 -0.427433 -99.9899
0.331234 0.650471 -100
0.170663 0.632529 -100
-0.45755 0.396419 -100
-0.253376 0.273595 -99.9044
0.245561 0.317669 -99.9684
0.732711 0.196905 -100
0.508164 -0.151615 -99.9999
0.537047 -0.0983575 -100
0.541518 -0.0479936 -100
-0.639528 -0.148673 -100
-0.0478377 0.0126469 -11.5134
-0.0472091 -0.0612042 -25.8168
-0.554762 -0.075148 -100
0.291746 -0.0758911 -98.9366
0.142501 -0.189479 -93.9816
-0.309032 -0.506635 -100
0.669235 0.11955 -100
-0.113012 0.597856 -100
0.0290713 0.358109 -99.8426
-0.177948 0.530211 -100
-0.1271 0.25484 -98.2661
-0.127959 -0.116216 -77.5501
-0.453445 -0.186745 -99.9994
0.304686 0.129087 -99.5809
0.473887 0.184076 -99.9998
-0.132667 0.0534015 -64.031
-0.219454 0.0180292 -91.1447
0.393974 -0.189688 -99.9929
-0.136278 0.154892 -88.0932
-0.129927 -0.177411 -91.0872
0.504774 -0.0582249 -99.9998
-0.104117 -0.403816 -99.9833
0.257702 0.0233434 -96.4834
0.444691 0.0948559 -99.9968
0.503772 0.163321 -99.9999
0.398059 0.172271 -99.9918
-0.156864 0.212538 -96.9464
-0.14047 -0.285803 -99.3722
0.419191 -0.0362825 -99.9857
0.0140975 0.0217955 -3.30313
0.495812 0.207921 -99.9999
-0.312179 -0.0963285 -99.5188
0.359086 0.0899899 -99.8943
